params:
  num_leaves: 139
  max_depth: 14
  min_data_in_leaf: 1451
  learning_rate: 0.019843966652221864
  feature_fraction: 0.5624074561769746
  feature_fraction_bynode: 0.5779972601681014
  bagging_fraction: 0.6174250836504598
  bagging_freq: 9
  lambda_l1: 6.011150117432088
  lambda_l2: 35.40362888980228
  min_gain_to_split: 0.10292247147901223
  max_bin: 127
num_boost_round: 2089
